0 0.596082 0.465014 0.034305 0.038667
0 0.236590 0.520569 0.036820 0.053528
0 0.264316 0.482736 0.037664 0.041556
0 0.229730 0.450507 0.039070 0.035347
0 0.246195 0.406910 0.022797 0.023236
0 0.209902 0.403007 0.019664 0.019903
0 0.176277 0.394639 0.016211 0.015056
0 0.372035 0.408132 0.030555 0.026514
0 0.700340 0.598917 0.066695 0.071306
0 0.265180 0.399007 0.021234 0.019708
0 0.246949 0.907264 0.098727 0.153556
0 0.877773 0.645674 0.082687 0.071264
0 0.576258 0.483083 0.050875 0.052889
0 0.774734 0.870417 0.118641 0.148306
0 0.456187 0.604014 0.051344 0.077194
0 0.715336 0.513646 0.055375 0.059792
0 0.313867 0.422715 0.029781 0.026264
0 0.362777 0.435208 0.033664 0.031250
0 0.674855 0.959986 0.118602 0.080028
0 0.421953 0.541472 0.054547 0.076306
0 0.850840 0.694007 0.089523 0.083181
0 0.495148 0.551632 0.051734 0.051319
0 0.521508 0.658118 0.071312 0.119042
0 0.311727 0.400292 0.026031 0.023306
0 0.267227 0.587076 0.047422 0.076542
0 0.409402 0.675194 0.059086 0.113833
0 0.284801 0.690958 0.060633 0.132806
0 0.340656 0.542938 0.051359 0.061986
0 0.444914 0.459500 0.038609 0.031000
0 0.486711 0.432840 0.035609 0.040986
0 0.457379 0.447007 0.027555 0.029319
