0 0.507730 0.444486 0.118586 0.130472
0 0.366641 0.508785 0.042922 0.052986
0 0.428961 0.501618 0.043484 0.048653
0 0.438871 0.443382 0.032727 0.028764
0 0.348164 0.430201 0.033719 0.031653
0 0.866848 0.720812 0.096039 0.097514
0 0.620637 0.550562 0.052273 0.055542
0 0.267316 0.539250 0.040164 0.069194
0 0.502387 0.554028 0.049195 0.056472
0 0.240484 0.466326 0.041906 0.049708
0 0.659371 0.514181 0.059820 0.047861
0 0.396125 0.691528 0.059344 0.093444
0 0.227262 0.470313 0.069102 0.060264
0 0.289469 0.501903 0.037484 0.041806
0 0.560852 0.510090 0.048672 0.048569
0 0.453086 0.959750 0.115047 0.080500
0 0.733086 0.623201 0.068984 0.070847
0 0.774320 0.539444 0.054578 0.041944
0 0.219637 0.416424 0.037523 0.046292
0 0.743164 0.559569 0.058516 0.054778
