0 0.522504 0.693181 0.066523 0.116250
0 0.663152 0.476292 0.043758 0.030861
0 0.282738 0.782111 0.078508 0.169556
0 0.936516 0.692208 0.085641 0.076556
0 0.979398 0.580125 0.041125 0.071694
0 0.447281 0.573403 0.053781 0.065833
0 0.610254 0.474090 0.050336 0.051625
0 0.596523 0.529813 0.038641 0.048931
0 0.397578 0.657521 0.069687 0.137236
0 0.929129 0.608486 0.083602 0.075306
0 0.676910 0.580743 0.062211 0.066819
0 0.682719 0.721694 0.086203 0.128083
0 0.811191 0.676153 0.085023 0.082917
0 0.676562 0.963958 0.109734 0.072083
0 0.286320 0.630778 0.047234 0.070972
0 0.274984 0.591792 0.041047 0.060306
0 0.330531 0.546340 0.043625 0.059319
0 0.341863 0.491882 0.041414 0.051319
0 0.345652 0.464368 0.035820 0.036792
0 0.237238 0.521250 0.037148 0.047972
0 0.202324 0.476819 0.029039 0.048167
0 0.240508 0.464799 0.034078 0.041292
0 0.263656 0.449097 0.038234 0.036167
0 0.214344 0.435681 0.033984 0.031500
0 0.235008 0.399493 0.029563 0.023458
0 0.262262 0.410097 0.026211 0.022167
0 0.312789 0.417222 0.025391 0.021389
0 0.391813 0.443229 0.033047 0.027375
0 0.443918 0.463083 0.036648 0.033917
0 0.472613 0.425104 0.044164 0.035708
0 0.536684 0.435604 0.038430 0.031986
0 0.499383 0.482257 0.047422 0.042653
0 0.545559 0.583674 0.068367 0.098792
0 0.383563 0.426424 0.032672 0.026681
0 0.376848 0.412007 0.024320 0.019792
0 0.886066 0.962799 0.138492 0.074403
