0 0.434312 0.897264 0.104031 0.205083
0 0.853082 0.942514 0.107055 0.108250
0 0.273965 0.839493 0.085648 0.135764
0 0.597234 0.642569 0.069531 0.090028
0 0.561168 0.491299 0.042508 0.037319
0 0.567117 0.446194 0.042109 0.028917
0 0.345801 0.491424 0.042867 0.046153
0 0.295008 0.464007 0.040609 0.047097
0 0.340254 0.410819 0.028930 0.020139
0 0.252730 0.404750 0.028789 0.030917
0 0.507133 0.464465 0.040359 0.037986
0 0.423809 0.421687 0.037070 0.034153
0 0.382117 0.624201 0.050766 0.077236
0 0.239656 0.521167 0.040266 0.063167
0 0.985582 0.636264 0.028383 0.087583
0 0.830715 0.612056 0.071617 0.062139
0 0.858008 0.700694 0.107109 0.093056
0 0.662852 0.519021 0.050703 0.050819
0 0.332977 0.428361 0.029516 0.025056
0 0.307414 0.529340 0.047016 0.072653
0 0.632895 0.561507 0.051102 0.050625
