0 0.273672 0.489736 0.035875 0.040972
0 0.307215 0.466514 0.038055 0.036472
0 0.635223 0.557438 0.058961 0.051931
0 0.396715 0.446236 0.032539 0.025722
0 0.427398 0.435389 0.038437 0.038889
0 0.555277 0.465958 0.055164 0.055750
0 0.592590 0.461979 0.039898 0.040319
0 0.265695 0.406750 0.024766 0.020250
0 0.237586 0.407556 0.024766 0.018972
0 0.768801 0.568944 0.067367 0.067306
0 0.608117 0.889674 0.110719 0.182292
0 0.275813 0.707993 0.062688 0.101264
0 0.772852 0.652861 0.078312 0.090583
0 0.814422 0.519597 0.059906 0.057917
0 0.271941 0.832722 0.080508 0.161889
0 0.686523 0.742688 0.090188 0.116347
0 0.497332 0.481389 0.042758 0.038750
0 0.462691 0.949444 0.114289 0.095083
0 0.326355 0.416861 0.034852 0.035861
0 0.762918 0.409319 0.037430 0.050444
0 0.965617 0.707667 0.064375 0.065278
0 0.379395 0.617639 0.060258 0.093528
0 0.478781 0.610840 0.062062 0.086347
0 0.238238 0.534160 0.038961 0.046764
