0 0.174973 0.392076 0.019773 0.014875
0 0.516523 0.439819 0.046641 0.043139
0 0.200664 0.398986 0.022891 0.023889
0 0.432375 0.423681 0.034375 0.032361
0 0.379383 0.423736 0.028437 0.022222
0 0.363676 0.436167 0.034992 0.030972
0 0.325688 0.418153 0.028031 0.028222
0 0.285586 0.404340 0.026703 0.024986
0 0.243473 0.429799 0.036883 0.034347
0 0.254355 0.456535 0.031242 0.031431
0 0.970973 0.713764 0.058055 0.086139
0 0.835387 0.548972 0.079883 0.068278
0 0.290066 0.597222 0.080914 0.167500
0 0.249219 0.522431 0.043906 0.081528
0 0.722699 0.548438 0.064523 0.070153
0 0.595125 0.528715 0.048922 0.060597
0 0.839027 0.618604 0.091758 0.080875
0 0.499820 0.556868 0.065250 0.073042
0 0.532348 0.674667 0.070008 0.105194
0 0.491508 0.462472 0.038531 0.040222
0 0.626020 0.499549 0.052102 0.053181
0 0.447813 0.457743 0.046500 0.048264
0 0.440617 0.581764 0.052109 0.067083
0 0.353422 0.465382 0.048797 0.066292
0 0.342871 0.543014 0.040086 0.067778
