0 0.399414 0.415660 0.035562 0.031625
0 0.261289 0.453215 0.032766 0.033347
0 0.288664 0.438278 0.036828 0.040333
0 0.259867 0.408382 0.030859 0.023347
0 0.214324 0.402965 0.021164 0.021375
0 0.293238 0.778486 0.072430 0.150000
0 0.737738 0.492535 0.051555 0.051847
0 0.748547 0.577972 0.070609 0.064361
0 0.544289 0.733528 0.073797 0.110306
0 0.301063 0.596229 0.042797 0.074347
0 0.897281 0.460250 0.070922 0.064389
0 0.508844 0.566375 0.054641 0.063167
0 0.328020 0.541375 0.038570 0.062972
0 0.292254 0.506646 0.039008 0.062097
0 0.251699 0.551090 0.041086 0.049458
0 0.913605 0.577306 0.082945 0.086500
0 0.322051 0.417250 0.041477 0.034167
0 0.333816 0.486021 0.042555 0.046042
0 0.733242 0.797653 0.112391 0.167417
0 0.390613 0.634847 0.088977 0.197028
0 0.425547 0.569111 0.044031 0.065556
0 0.432055 0.508771 0.047063 0.065931
0 0.370785 0.474264 0.037305 0.040861
0 0.262059 0.484826 0.034586 0.043819
