0 0.966562 0.603493 0.066875 0.073097
0 0.258871 0.546056 0.041852 0.098833
0 0.565293 0.478840 0.051898 0.052153
0 0.682031 0.497563 0.052500 0.052875
0 0.800590 0.506889 0.063258 0.047667
0 0.567648 0.498556 0.055547 0.091250
0 0.778430 0.655236 0.084578 0.071583
0 0.332496 0.536979 0.043039 0.062375
0 0.301055 0.650069 0.051656 0.093056
0 0.424316 0.566549 0.052336 0.080403
0 0.821996 0.559021 0.068773 0.055764
0 0.709703 0.551840 0.060687 0.062014
0 0.299316 0.421451 0.027586 0.022153
0 0.283367 0.402722 0.027656 0.022639
0 0.248562 0.401542 0.028047 0.021667
0 0.214109 0.394667 0.028203 0.024028
0 0.188332 0.427493 0.035477 0.081514
0 0.507254 0.423792 0.102633 0.090111
0 0.364141 0.411125 0.021703 0.024389
0 0.387457 0.427549 0.029680 0.027875
0 0.343980 0.430660 0.026180 0.023653
0 0.275223 0.488889 0.038227 0.044556
0 0.321566 0.479549 0.040461 0.036347
0 0.372812 0.512160 0.042984 0.049292
0 0.470656 0.972812 0.103781 0.054375
0 0.258828 0.946896 0.099891 0.106208
0 0.625930 0.872722 0.118156 0.176194
0 0.651383 0.438757 0.123328 0.092792
