0 0.249547 0.398056 0.025859 0.018750
0 0.528711 0.726479 0.068359 0.103097
0 0.718422 0.604090 0.064609 0.080347
0 0.850078 0.562396 0.061766 0.079153
0 0.785410 0.561993 0.099039 0.095264
0 0.276934 0.604681 0.046836 0.076667
0 0.456922 0.587201 0.055906 0.070347
0 0.482750 0.459958 0.040453 0.051111
0 0.306184 0.413299 0.020102 0.019597
0 0.613719 0.476444 0.036594 0.034639
0 0.774758 0.424618 0.048281 0.048097
0 0.431906 0.938368 0.132719 0.123264
0 0.815406 0.926347 0.148297 0.147306
0 0.454547 0.520215 0.046484 0.055986
0 0.211734 0.399444 0.025234 0.018750
0 0.407141 0.434215 0.029875 0.026292
0 0.374234 0.439208 0.034750 0.028917
0 0.259070 0.551882 0.041703 0.057236
0 0.575605 0.480167 0.052039 0.051056
0 0.482926 0.471910 0.041492 0.029542
0 0.386320 0.626479 0.060344 0.094069
0 0.346008 0.488097 0.042016 0.053972
0 0.263977 0.481563 0.039859 0.048514
0 0.591023 0.523118 0.037328 0.045514
