0 0.217516 0.404750 0.020234 0.019500
0 0.194656 0.448917 0.024766 0.034028
0 0.249090 0.446514 0.031727 0.034056
0 0.256953 0.480868 0.036969 0.043125
0 0.332273 0.481917 0.040391 0.044306
0 0.380398 0.475653 0.039453 0.044306
0 0.374836 0.519437 0.044172 0.051847
0 0.543137 0.460083 0.049289 0.037333
0 0.664504 0.966694 0.112195 0.066611
0 0.235668 0.919389 0.126367 0.161222
0 0.345535 0.422111 0.033617 0.019500
0 0.872172 0.931389 0.145500 0.137222
0 0.418945 0.432014 0.038984 0.032917
0 0.532418 0.584521 0.055789 0.066042
0 0.344734 0.401639 0.036641 0.022639
0 0.238258 0.401514 0.020000 0.019306
0 0.296758 0.417569 0.030313 0.022778
0 0.261617 0.414431 0.020781 0.018750
0 0.369398 0.587653 0.046719 0.076750
0 0.443539 0.502944 0.049437 0.066778
0 0.401004 0.677424 0.060992 0.114903
0 0.657918 0.699174 0.088586 0.113542
0 0.544996 0.502125 0.044727 0.050056
0 0.308668 0.521285 0.039961 0.057486
0 0.467348 0.438743 0.040352 0.050375
0 0.650879 0.573160 0.051320 0.038792
0 0.628617 0.510549 0.052250 0.047597
0 0.703902 0.503556 0.056852 0.056694
0 0.920125 0.651618 0.100234 0.102764
0 0.766156 0.642278 0.077375 0.085111
0 0.498109 0.628722 0.066484 0.102194
0 0.597602 0.826569 0.094047 0.139778
