0 0.990824 0.642319 0.018023 0.057972
0 0.328617 0.538042 0.043078 0.065806
0 0.476270 0.632667 0.059898 0.081889
0 0.700043 0.537701 0.057023 0.058625
0 0.736105 0.518403 0.052773 0.050639
0 0.285625 0.625569 0.053938 0.103528
0 0.616543 0.497646 0.051570 0.059653
0 0.842543 0.615944 0.072773 0.069472
0 0.778332 0.642958 0.087617 0.117111
0 0.262273 0.898542 0.121719 0.191667
0 0.552844 0.472118 0.052297 0.055625
0 0.292566 0.503799 0.040148 0.049764
0 0.623305 0.679708 0.078016 0.101861
0 0.438078 0.582187 0.048578 0.062819
0 0.543055 0.584792 0.057172 0.080639
0 0.461383 0.520771 0.049703 0.064958
0 0.379559 0.512333 0.045680 0.057889
0 0.385266 0.483278 0.037734 0.037917
0 0.231078 0.467972 0.033672 0.038611
0 0.274059 0.463444 0.034898 0.034222
0 0.236980 0.443667 0.033352 0.028111
0 0.269238 0.437569 0.032633 0.031972
0 0.299055 0.404333 0.025547 0.018611
0 0.256086 0.402667 0.022578 0.023056
0 0.228664 0.406069 0.019609 0.019861
0 0.175012 0.376896 0.063148 0.068708
0 0.323789 0.443861 0.039141 0.052556
0 0.344949 0.419833 0.021977 0.019611
0 0.373219 0.442264 0.028594 0.027361
0 0.406695 0.448097 0.027422 0.027083
0 0.464312 0.449708 0.034531 0.034139
0 0.516266 0.430181 0.043750 0.039028
0 0.661438 0.469021 0.046484 0.036347
