0 0.631250 0.475590 0.049672 0.057014
0 0.614992 0.504500 0.048781 0.048306
0 0.555629 0.460847 0.035242 0.038972
0 0.502848 0.649896 0.069930 0.107847
0 0.559059 0.775174 0.082117 0.124764
0 0.765852 0.602361 0.068687 0.075500
0 0.825617 0.553174 0.072453 0.071042
0 0.282715 0.652715 0.056102 0.099875
0 0.245195 0.468882 0.037844 0.045958
0 0.835090 0.689382 0.090305 0.084542
0 0.271852 0.408875 0.026531 0.025306
0 0.485961 0.466681 0.033984 0.043111
0 0.323359 0.515882 0.047531 0.090819
0 0.322805 0.416215 0.029719 0.029375
0 0.621684 0.447667 0.045102 0.049500
0 0.460469 0.467375 0.036875 0.043306
0 0.390535 0.427917 0.033258 0.025278
0 0.226738 0.933153 0.105664 0.130056
0 0.348840 0.437597 0.031430 0.020750
0 0.971543 0.717465 0.056914 0.093153
0 0.435199 0.948438 0.125633 0.103125
0 0.262105 0.546236 0.041898 0.062000
0 0.383859 0.482306 0.041906 0.046333
